124.58	124.58	100.000	58	0	0	1	58	1	58	2.46e-39	114
22.57	22.57	100.000	57	0	0	1	57	1	57	1.40e-39	115
44.54	44.54	100.000	54	0	0	1	54	1	54	2.75e-37	108
84.52	84.52	100.000	52	0	0	1	52	1	52	2.95e-36	106
173.50	173.50	100.000	50	0	0	1	50	1	50	6.74e-35	102
75.49	75.49	100.000	49	0	0	1	49	1	49	1.78e-33	99.4
77.48	77.48	100.000	48	0	0	1	48	1	48	2.40e-33	98.6
177.46	177.46	100.000	46	0	0	1	46	1	46	4.71e-32	95.5
87.45	87.45	100.000	45	0	0	1	45	1	45	1.41e-28	86.7
139.45	139.45	100.000	45	0	0	1	45	1	45	1.23e-32	96.7
99.43	99.43	100.000	43	0	0	1	43	1	43	8.69e-27	82.0
3.41	3.41	100.000	41	0	0	1	41	1	41	7.01e-27	82.0
10.41	10.41	100.000	41	0	0	1	41	1	41	2.22e-26	80.9
23.41	23.41	100.000	41	0	0	1	41	1	41	8.54e-27	81.6
120.41	120.41	100.000	41	0	0	1	41	1	41	4.64e-28	85.1
180.41	180.41	100.000	41	0	0	1	41	1	41	1.52e-29	88.6
39.38	39.38	100.000	38	0	0	1	38	1	38	6.03e-26	79.3
71.38	71.38	100.000	38	0	0	1	38	1	38	8.95e-24	73.9
96.38	96.38	100.000	38	0	0	1	38	1	38	1.65e-26	80.9
9.37	9.37	100.000	37	0	0	1	37	1	37	4.67e-25	77.0
73.37	73.37	100.000	37	0	0	1	37	1	37	2.55e-23	72.8
76.37	76.37	100.000	37	0	0	1	37	1	37	2.33e-24	75.5
115.37	115.37	100.000	37	0	0	1	37	1	37	1.47e-24	75.9
157.37	157.37	100.000	37	0	0	1	37	1	37	8.01e-25	76.6
13.36	13.36	100.000	36	0	0	1	36	1	36	3.60e-25	77.4
35.36	35.36	100.000	36	0	0	1	36	1	36	1.99e-23	72.8
114.36	114.36	100.000	36	0	0	1	36	1	36	1.11e-22	70.9
63.34	63.34	100.000	34	0	0	1	34	1	34	1.14e-23	73.6
118.34	118.34	100.000	34	0	0	1	34	1	34	8.21e-23	71.2
86.33	86.33	100.000	33	0	0	1	33	1	33	3.83e-21	67.0
105.32	105.32	100.000	32	0	0	1	32	1	32	1.99e-21	67.8
95.31	95.31	100.000	31	0	0	1	31	1	31	4.86e-20	63.9
152.31	152.31	100.000	31	0	0	1	31	1	31	2.03e-19	62.4
154.31	154.31	100.000	31	0	0	1	31	1	31	4.89e-21	66.6
169.31	169.31	100.000	31	0	0	1	31	1	31	8.99e-20	63.5
181.31	181.31	100.000	31	0	0	1	31	1	31	4.10e-21	66.6
37.30	37.30	100.000	30	0	0	1	30	1	30	8.76e-20	63.2
186.30	186.30	100.000	30	0	0	1	30	1	30	2.54e-19	62.0
90.29	90.29	100.000	29	0	0	1	29	1	29	2.82e-18	59.3
121.29	121.29	100.000	29	0	0	1	29	1	29	1.44e-18	60.1
