141.108	141.108	100.000	108	0	0	1	108	1	108	6.12e-80	221
24.106	24.106	100.000	106	0	0	1	106	1	106	5.76e-80	221
145.103	145.103	100.000	103	0	0	1	103	1	103	6.55e-74	205
69.95	69.95	100.000	95	0	0	1	95	1	95	3.33e-71	197
174.94	174.94	100.000	94	0	0	1	94	1	94	2.15e-69	193
174.94	184.81	30.986	71	45	2	1	69	2	70	6.10e-12	47.4
107.93	107.93	100.000	93	0	0	1	93	1	93	2.08e-67	188
131.92	131.92	100.000	92	0	0	1	92	1	92	2.81e-67	187
40.89	40.89	100.000	89	0	0	1	89	1	89	1.13e-41	122
42.89	42.89	100.000	89	0	0	1	89	1	89	2.62e-65	182
25.88	25.88	100.000	88	0	0	1	88	1	88	4.09e-62	174
89.87	89.87	100.000	87	0	0	1	87	1	87	3.71e-48	139
138.87	138.87	100.000	87	0	0	1	87	1	87	9.26e-51	145
2.86	2.86	100.000	86	0	0	1	86	1	86	7.48e-51	145
188.86	188.86	100.000	86	0	0	1	86	1	86	9.06e-66	183
189.84	189.84	100.000	84	0	0	1	84	1	84	2.12e-63	177
117.83	117.83	100.000	83	0	0	1	83	1	83	7.25e-62	173
117.83	184.81	33.333	69	45	1	1	68	1	69	2.74e-11	45.4
137.81	137.81	100.000	81	0	0	1	81	1	81	1.79e-43	126
164.81	164.81	100.000	81	0	0	1	81	1	81	2.66e-24	78.2
184.81	184.81	100.000	81	0	0	1	81	1	81	6.51e-52	148
184.81	174.94	28.767	73	44	2	2	70	1	69	1.90e-09	40.8
184.81	117.83	33.333	69	45	1	1	69	1	68	1.12e-07	36.2
184.81	175.60	40.000	40	24	0	1	40	1	40	3.11e-07	34.3
70.80	70.80	100.000	80	0	0	1	80	1	80	2.67e-60	169
21.79	21.79	100.000	79	0	0	1	79	1	79	2.41e-57	161
30.79	30.79	100.000	79	0	0	1	79	1	79	3.97e-58	163
136.79	136.79	100.000	79	0	0	1	79	1	79	4.00e-56	158
59.77	59.77	100.000	77	0	0	1	77	1	77	2.21e-54	154
104.77	104.77	100.000	77	0	0	1	77	1	77	4.75e-57	160
111.76	111.76	100.000	76	0	0	1	76	1	76	2.94e-55	155
12.74	12.74	100.000	74	0	0	1	74	1	74	8.33e-53	149
178.74	178.74	100.000	74	0	0	1	74	1	74	3.44e-54	153
116.73	116.73	100.000	73	0	0	1	73	1	73	1.19e-50	144
163.73	163.73	100.000	73	0	0	1	73	1	73	9.29e-52	147
167.73	167.73	100.000	73	0	0	1	73	1	73	3.89e-55	155
134.71	134.71	100.000	71	0	0	1	71	1	71	2.68e-50	143
109.70	109.70	100.000	70	0	0	1	70	1	70	1.39e-49	141
155.70	155.70	100.000	70	0	0	1	70	1	70	8.61e-51	144
43.69	43.69	100.000	69	0	0	1	69	1	69	7.08e-41	119
19.68	19.68	100.000	68	0	0	1	68	1	68	1.03e-49	141
47.68	47.68	100.000	68	0	0	1	68	1	68	3.21e-46	132
66.67	66.67	100.000	67	0	0	1	67	1	67	9.89e-49	139
150.65	150.65	100.000	65	0	0	1	65	1	65	3.94e-44	127
162.65	162.65	100.000	65	0	0	1	65	1	65	1.73e-29	90.1
80.64	80.64	100.000	64	0	0	1	64	1	64	6.92e-45	129
161.64	161.64	100.000	64	0	0	1	64	1	64	1.03e-42	123
72.62	72.62	100.000	62	0	0	1	62	1	62	1.87e-44	127
182.62	182.62	100.000	62	0	0	1	62	1	62	1.77e-42	122
38.61	38.61	100.000	61	0	0	1	61	1	61	1.11e-25	80.5
112.61	112.61	100.000	61	0	0	1	61	1	61	1.65e-29	90.1
176.61	176.61	100.000	61	0	0	1	61	1	61	3.43e-45	129
187.61	187.61	100.000	61	0	0	1	61	1	61	2.06e-44	127
175.60	175.60	100.000	60	0	0	1	60	1	60	1.25e-41	120
175.60	184.81	33.962	53	34	1	1	53	1	52	2.11e-07	34.7
29.58	29.58	100.000	58	0	0	1	58	1	58	1.38e-41	120
