54.238	54.238	100.000	238	0	0	1	238	1	238	1.31e-169	460
62.223	62.223	100.000	223	0	0	1	223	1	223	1.01e-167	454
156.223	156.223	100.000	223	0	0	1	223	1	223	7.04e-164	444
143.222	143.222	100.000	222	0	0	1	222	1	222	4.93e-173	467
57.209	57.209	100.000	209	0	0	1	209	1	209	8.99e-161	435
103.209	103.209	100.000	209	0	0	1	209	1	209	7.38e-147	400
151.207	151.207	100.000	207	0	0	1	207	1	207	7.24e-159	430
31.206	31.206	100.000	206	0	0	1	206	1	206	2.09e-160	434
34.199	34.199	100.000	199	0	0	1	199	1	199	8.47e-151	409
8.191	8.191	100.000	191	0	0	1	191	1	191	3.79e-141	384
53.190	53.190	100.000	190	0	0	1	190	1	190	4.01e-146	396
28.182	28.182	100.000	182	0	0	1	182	1	182	1.28e-138	377
148.182	148.182	100.000	182	0	0	1	182	1	182	8.01e-122	334
171.182	171.182	100.000	182	0	0	1	182	1	182	1.30e-136	372
171.182	125.289	41.606	137	69	4	7	138	9	139	5.15e-29	101
52.181	52.181	100.000	181	0	0	1	181	1	181	2.22e-124	341
94.181	94.181	100.000	181	0	0	1	181	1	181	1.88e-136	371
85.180	85.180	100.000	180	0	0	1	180	1	180	2.74e-135	368
102.180	102.180	100.000	180	0	0	1	180	1	180	2.81e-139	378
106.179	106.179	100.000	179	0	0	1	179	1	179	2.80e-135	368
129.174	129.174	100.000	174	0	0	1	174	1	174	1.79e-134	366
0.173	0.173	100.000	173	0	0	1	173	1	173	2.54e-131	358
14.167	14.167	100.000	167	0	0	1	167	1	167	2.07e-114	315
135.163	135.163	100.000	163	0	0	1	163	1	163	7.20e-124	338
61.162	61.162	100.000	162	0	0	1	162	1	162	3.82e-123	336
45.156	45.156	100.000	156	0	0	1	156	1	156	7.76e-118	322
128.155	128.155	100.000	155	0	0	1	155	1	155	6.19e-98	272
133.151	133.151	100.000	151	0	0	1	151	1	151	1.84e-99	275
92.146	92.146	100.000	146	0	0	1	146	1	146	2.27e-113	310
41.143	41.143	100.000	143	0	0	1	143	1	143	1.90e-97	270
33.139	33.139	100.000	139	0	0	1	139	1	139	1.39e-93	259
108.134	108.134	100.000	134	0	0	1	134	1	134	1.98e-100	276
110.134	110.134	100.000	134	0	0	1	134	1	134	1.19e-101	280
50.132	50.132	100.000	132	0	0	1	132	1	132	1.28e-93	259
79.129	79.129	100.000	129	0	0	1	129	1	129	1.15e-75	213
130.128	130.128	100.000	128	0	0	1	128	1	128	3.36e-91	253
146.128	146.128	100.000	128	0	0	1	128	1	128	1.89e-94	261
20.127	20.127	100.000	127	0	0	1	127	1	127	9.61e-84	234
65.126	65.126	100.000	126	0	0	1	126	1	126	1.37e-92	256
159.126	159.126	100.000	126	0	0	1	126	1	126	6.77e-79	221
165.126	165.126	100.000	126	0	0	1	126	1	126	2.66e-94	260
170.125	170.125	100.000	125	0	0	1	125	1	125	1.37e-93	258
6.120	6.120	100.000	120	0	0	1	120	1	120	1.49e-71	202
168.120	168.120	100.000	120	0	0	1	120	1	120	2.13e-88	245
183.118	183.118	100.000	118	0	0	1	118	1	118	5.90e-87	241
183.118	123.595	33.333	96	63	1	9	103	184	279	1.23e-10	49.7
81.117	81.117	100.000	117	0	0	1	117	1	117	7.97e-82	228
88.117	88.117	100.000	117	0	0	1	117	1	117	2.47e-71	201
27.111	27.111	100.000	111	0	0	1	111	1	111	6.78e-83	230
55.111	55.111	100.000	111	0	0	1	111	1	111	1.31e-83	232
51.110	51.110	100.000	110	0	0	1	110	1	110	8.38e-83	230
15.109	15.109	100.000	109	0	0	1	109	1	109	5.31e-82	228
