64.1018	64.1018	100.000	1018	0	0	1	1018	1	1018	0.0	1766
18.976	18.976	100.000	976	0	0	1	976	1	976	0.0	1983
113.907	113.907	100.000	907	0	0	1	907	1	907	0.0	1744
140.898	140.898	100.000	898	0	0	1	898	1	898	0.0	1680
185.883	185.883	100.000	883	0	0	1	883	1	883	0.0	1816
49.727	49.727	100.000	727	0	0	1	727	1	727	0.0	1509
46.695	46.695	100.000	695	0	0	1	695	1	695	0.0	1453
78.642	78.642	100.000	642	0	0	1	642	1	642	0.0	1342
36.634	36.634	100.000	634	0	0	1	634	1	634	0.0	1204
36.634	119.562	32.329	365	217	7	285	633	212	562	9.03e-23	94.7
101.603	101.603	100.000	603	0	0	1	603	1	603	0.0	1242
123.595	123.595	100.000	595	0	0	1	595	1	595	0.0	1196
123.595	183.118	33.333	96	63	1	184	279	9	103	6.20e-10	49.7
179.594	179.594	100.000	594	0	0	1	594	1	594	0.0	1181
119.562	119.562	100.000	562	0	0	1	562	1	562	0.0	957
119.562	36.634	31.956	363	217	7	214	562	287	633	3.26e-19	83.2
149.526	149.526	100.000	526	0	0	1	526	1	526	0.0	1093
160.516	160.516	100.000	237	0	0	280	516	280	516	5.90e-160	457
160.516	160.516	100.000	192	0	0	1	192	1	192	3.99e-143	415
93.515	93.515	100.000	515	0	0	1	515	1	515	0.0	1035
48.468	48.468	100.000	468	0	0	1	468	1	468	0.0	959
58.456	58.456	100.000	456	0	0	1	456	1	456	0.0	908
158.443	158.443	100.000	443	0	0	1	443	1	443	0.0	857
83.435	83.435	100.000	435	0	0	1	435	1	435	0.0	822
1.429	1.429	100.000	429	0	0	1	429	1	429	0.0	881
68.416	68.416	100.000	416	0	0	1	416	1	416	0.0	827
68.416	17.401	26.207	145	87	4	238	368	227	365	3.61e-11	56.2
17.401	17.401	100.000	401	0	0	1	401	1	401	0.0	833
17.401	68.416	26.207	145	87	4	227	365	238	368	6.37e-11	55.5
144.399	144.399	100.000	399	0	0	1	399	1	399	0.0	742
153.398	153.398	100.000	398	0	0	1	398	1	398	0.0	757
5.396	5.396	100.000	396	0	0	1	396	1	396	0.0	803
60.394	60.394	100.000	394	0	0	1	394	1	394	0.0	793
142.394	142.394	100.000	394	0	0	1	394	1	394	0.0	806
166.386	166.386	100.000	386	0	0	1	386	1	386	0.0	808
16.383	16.383	100.000	383	0	0	1	383	1	383	0.0	768
97.366	97.366	100.000	366	0	0	1	366	1	366	0.0	726
132.355	132.355	100.000	355	0	0	1	355	1	355	0.0	724
98.352	98.352	100.000	352	0	0	1	352	1	352	0.0	739
98.352	82.320	42.105	38	22	0	289	326	267	304	3.37e-07	43.5
122.344	122.344	100.000	344	0	0	1	344	1	344	0.0	719
172.342	172.342	100.000	342	0	0	1	342	1	342	0.0	712
172.342	126.334	26.871	294	192	9	49	333	51	330	1.34e-22	89.4
91.334	91.334	100.000	334	0	0	1	334	1	334	0.0	587
126.334	126.334	100.000	334	0	0	1	334	1	334	0.0	684
126.334	172.342	26.871	294	192	9	51	330	49	333	1.31e-22	89.4
56.326	56.326	100.000	326	0	0	1	326	1	326	0.0	677
67.324	67.324	100.000	324	0	0	1	324	1	324	0.0	662
82.320	82.320	100.000	320	0	0	1	320	1	320	0.0	671
82.320	98.352	42.105	38	22	0	267	304	289	326	3.06e-07	43.5
4.301	4.301	100.000	301	0	0	1	301	1	301	0.0	616
147.297	147.297	100.000	297	0	0	1	297	1	297	0.0	603
32.292	32.292	100.000	292	0	0	1	292	1	292	0.0	588
125.289	125.289	100.000	289	0	0	1	289	1	289	0.0	554
125.289	171.182	41.606	137	69	4	9	139	7	138	8.99e-29	101
100.288	100.288	100.000	278	0	0	1	278	1	278	0.0	536
11.287	11.287	100.000	287	0	0	1	287	1	287	0.0	593
74.254	74.254	100.000	254	0	0	1	254	1	254	0.0	493
127.242	127.242	100.000	242	0	0	1	242	1	242	3.87e-171	464
7.240	7.240	100.000	240	0	0	1	240	1	240	0.0	498
26.238	26.238	100.000	238	0	0	1	238	1	238	0.0	489
