134.222	134.222	100.000	222	0	0	1	222	1	222	4.44e-173	467
65.209	65.209	100.000	209	0	0	1	209	1	209	8.08e-161	435
94.209	94.209	100.000	209	0	0	1	209	1	209	6.64e-147	400
166.208	166.208	100.000	208	0	0	1	208	1	208	6.76e-162	438
142.207	142.207	100.000	207	0	0	1	207	1	207	6.51e-159	430
39.206	39.206	100.000	206	0	0	1	206	1	206	1.88e-160	434
158.200	158.200	100.000	200	0	0	1	200	1	200	1.41e-134	368
42.199	42.199	100.000	199	0	0	1	199	1	199	7.62e-151	409
61.190	61.190	100.000	190	0	0	1	190	1	190	3.61e-146	396
36.182	36.182	100.000	182	0	0	1	182	1	182	1.15e-138	377
139.182	139.182	100.000	182	0	0	1	182	1	182	7.21e-122	334
60.181	60.181	100.000	181	0	0	1	181	1	181	1.99e-124	341
93.180	93.180	100.000	180	0	0	1	180	1	180	2.53e-139	378
97.179	97.179	100.000	179	0	0	1	179	1	179	2.52e-135	368
126.163	126.163	100.000	163	0	0	1	163	1	163	6.48e-124	338
69.162	69.162	100.000	162	0	0	1	162	1	162	3.44e-123	336
120.162	120.162	100.000	162	0	0	1	162	1	162	7.79e-125	340
1.156	1.156	100.000	156	0	0	1	156	1	156	1.44e-117	322
53.156	53.156	100.000	156	0	0	1	156	1	156	6.98e-118	322
119.155	119.155	100.000	155	0	0	1	155	1	155	5.57e-98	272
11.154	11.154	100.000	154	0	0	1	154	1	154	7.88e-91	254
124.151	124.151	100.000	151	0	0	1	151	1	151	1.66e-99	275
49.143	49.143	100.000	143	0	0	1	143	1	143	1.71e-97	270
41.139	41.139	100.000	139	0	0	1	139	1	139	1.25e-93	259
99.134	99.134	100.000	134	0	0	1	134	1	134	1.78e-100	276
101.134	101.134	100.000	134	0	0	1	134	1	134	1.07e-101	280
58.132	58.132	100.000	132	0	0	1	132	1	132	1.15e-93	259
87.129	87.129	100.000	129	0	0	1	129	1	129	1.04e-75	213
121.128	121.128	100.000	128	0	0	1	128	1	128	3.03e-91	253
137.128	137.128	100.000	128	0	0	1	128	1	128	1.70e-94	261
26.127	26.127	100.000	127	0	0	1	127	1	127	8.65e-84	234
73.126	73.126	100.000	126	0	0	1	126	1	126	1.23e-92	256
89.117	89.117	100.000	117	0	0	1	117	1	117	7.17e-82	228
151.114	151.114	100.000	114	0	0	1	114	1	114	2.42e-81	226
35.111	35.111	100.000	111	0	0	1	111	1	111	6.10e-83	230
63.111	63.111	100.000	111	0	0	1	111	1	111	1.17e-83	232
59.110	59.110	100.000	110	0	0	1	110	1	110	7.53e-83	230
132.108	132.108	100.000	108	0	0	1	108	1	108	3.37e-79	221
136.103	136.103	100.000	103	0	0	1	103	1	103	3.60e-73	205
92.100	92.100	100.000	100	0	0	1	100	1	100	4.34e-66	187
77.95	77.95	100.000	95	0	0	1	95	1	95	1.83e-70	197
98.93	98.93	100.000	93	0	0	1	93	1	93	1.14e-66	188
122.92	122.92	100.000	92	0	0	1	92	1	92	1.55e-66	187
48.89	48.89	100.000	89	0	0	1	89	1	89	6.23e-41	122
50.89	50.89	100.000	89	0	0	1	89	1	89	1.44e-64	182
33.88	33.88	100.000	88	0	0	1	88	1	88	2.25e-61	174
129.87	129.87	100.000	87	0	0	1	87	1	87	5.10e-50	145
30.84	30.84	100.000	84	0	0	1	84	1	84	9.38e-63	177
108.83	108.83	100.000	83	0	0	1	83	1	83	3.99e-61	173
128.81	128.81	100.000	81	0	0	1	81	1	81	9.85e-43	126
