22.36	22.36	100.000	36	0	0	1	36	1	36	8.59e-26	78.6
43.36	43.36	100.000	36	0	0	1	36	1	36	1.29e-23	72.8
105.36	105.36	100.000	36	0	0	1	36	1	36	7.17e-23	70.9
2.35	2.35	100.000	35	0	0	1	35	1	35	4.20e-23	71.6
20.34	20.34	100.000	34	0	0	1	34	1	34	1.29e-23	72.8
71.34	71.34	100.000	34	0	0	1	34	1	34	7.36e-24	73.6
109.34	109.34	100.000	34	0	0	1	34	1	34	5.32e-23	71.2
153.34	153.34	100.000	34	0	0	1	34	1	34	1.11e-21	67.8
161.34	161.34	100.000	34	0	0	1	34	1	34	5.12e-22	68.9
6.33	6.33	100.000	33	0	0	1	33	1	33	2.74e-21	67.0
32.33	32.33	100.000	33	0	0	1	33	1	33	6.97e-21	65.9
10.32	10.32	100.000	32	0	0	1	32	1	32	6.18e-22	68.6
96.32	96.32	100.000	32	0	0	1	32	1	32	1.29e-21	67.8
143.31	143.31	100.000	31	0	0	1	31	1	31	1.31e-19	62.4
145.31	145.31	100.000	31	0	0	1	31	1	31	3.17e-21	66.6
45.30	45.30	100.000	30	0	0	1	30	1	30	5.68e-20	63.2
91.30	91.30	100.000	30	0	0	1	30	1	30	1.60e-18	59.7
112.29	112.29	100.000	29	0	0	1	29	1	29	9.34e-19	60.1
