72.1018	72.1018	100.000	1018	0	0	1	1018	1	1018	0.0	1766
9.1016	9.1016	100.000	1016	0	0	1	1016	1	1016	0.0	2109
24.976	24.976	100.000	976	0	0	1	976	1	976	0.0	1983
104.907	104.907	100.000	907	0	0	1	907	1	907	0.0	1744
131.898	131.898	100.000	898	0	0	1	898	1	898	0.0	1680
57.733	57.733	100.000	733	0	0	1	733	1	733	0.0	1522
54.695	54.695	100.000	695	0	0	1	695	1	695	0.0	1453
86.642	86.642	100.000	642	0	0	1	642	1	642	0.0	1342
44.634	44.634	100.000	634	0	0	1	634	1	634	0.0	1204
44.634	110.562	32.329	365	217	7	285	633	212	562	8.12e-23	94.7
114.595	114.595	100.000	595	0	0	1	595	1	595	0.0	1196
15.564	15.564	100.000	564	0	0	1	564	1	564	0.0	1124
110.562	110.562	100.000	562	0	0	1	562	1	562	0.0	957
110.562	44.634	31.956	363	217	7	214	562	287	633	2.93e-19	83.2
140.526	140.526	100.000	526	0	0	1	526	1	526	0.0	1093
14.515	14.515	100.000	515	0	0	1	515	1	515	0.0	1025
150.477	150.477	100.000	477	0	0	1	477	1	477	0.0	869
56.468	56.468	100.000	468	0	0	1	468	1	468	0.0	959
66.456	66.456	100.000	456	0	0	1	456	1	456	0.0	908
163.427	163.427	100.000	427	0	0	1	427	1	427	0.0	896
17.419	17.419	100.000	419	0	0	1	419	1	419	0.0	868
76.416	76.416	100.000	416	0	0	1	416	1	416	0.0	827
76.416	23.401	26.207	145	87	4	238	368	227	365	3.25e-11	56.2
23.401	23.401	100.000	401	0	0	1	401	1	401	0.0	833
23.401	76.416	26.207	145	87	4	227	365	238	368	5.73e-11	55.5
135.399	135.399	100.000	399	0	0	1	399	1	399	0.0	742
144.398	144.398	100.000	398	0	0	1	398	1	398	0.0	757
68.394	68.394	100.000	394	0	0	1	394	1	394	0.0	793
133.394	133.394	100.000	394	0	0	1	394	1	394	0.0	806
152.374	152.374	100.000	162	0	0	1	162	1	162	8.62e-102	298
152.374	152.374	100.000	110	0	0	265	374	265	374	2.01e-58	187
0.367	0.367	100.000	367	0	0	1	367	1	367	0.0	758
4.357	4.357	100.000	357	0	0	1	357	1	357	0.0	708
123.355	123.355	100.000	355	0	0	1	355	1	355	0.0	724
16.347	16.347	100.000	347	0	0	1	347	1	347	0.0	694
113.344	113.344	100.000	344	0	0	1	344	1	344	0.0	719
117.334	117.334	100.000	334	0	0	1	334	1	334	0.0	684
19.326	19.326	100.000	326	0	0	1	326	1	326	0.0	643
64.326	64.326	100.000	326	0	0	1	326	1	326	0.0	677
75.324	75.324	100.000	324	0	0	1	324	1	324	0.0	662
90.320	90.320	100.000	320	0	0	1	320	1	320	0.0	671
138.297	138.297	100.000	297	0	0	1	297	1	297	0.0	603
40.292	40.292	100.000	292	0	0	1	292	1	292	0.0	588
116.289	116.289	100.000	289	0	0	1	289	1	289	0.0	554
18.283	18.283	100.000	283	0	0	1	283	1	283	0.0	584
160.269	160.269	100.000	269	0	0	1	269	1	269	0.0	552
13.259	13.259	100.000	259	0	0	1	259	1	259	0.0	535
82.254	82.254	100.000	254	0	0	1	254	1	254	0.0	493
118.242	118.242	100.000	242	0	0	1	242	1	242	3.48e-171	464
34.238	34.238	100.000	238	0	0	1	238	1	238	0.0	489
62.238	62.238	100.000	238	0	0	1	238	1	238	1.18e-169	460
7.229	7.229	100.000	210	0	0	1	210	1	210	4.44e-158	430
5.227	5.227	100.000	227	0	0	1	227	1	227	8.27e-150	409
70.223	70.223	100.000	223	0	0	1	223	1	223	9.04e-168	454
147.223	147.223	100.000	223	0	0	1	223	1	223	6.34e-164	444
