78.80	78.80	100.000	80	0	0	1	80	1	80	1.73e-60	169
27.79	27.79	100.000	79	0	0	1	79	1	79	1.56e-57	161
38.79	38.79	100.000	79	0	0	1	79	1	79	2.57e-58	163
127.79	127.79	100.000	79	0	0	1	79	1	79	2.59e-56	158
154.78	154.78	100.000	78	0	0	1	78	1	78	3.82e-34	102
67.77	67.77	100.000	77	0	0	1	77	1	77	1.43e-54	154
95.77	95.77	100.000	77	0	0	1	77	1	77	3.08e-57	160
102.76	102.76	100.000	76	0	0	1	76	1	76	1.91e-55	155
107.73	107.73	100.000	73	0	0	1	73	1	73	7.70e-51	144
125.71	125.71	100.000	71	0	0	1	71	1	71	1.74e-50	143
100.70	100.70	100.000	70	0	0	1	70	1	70	8.99e-50	141
146.70	146.70	100.000	70	0	0	1	70	1	70	5.58e-51	144
51.69	51.69	100.000	69	0	0	1	69	1	69	4.59e-41	119
25.68	25.68	100.000	68	0	0	1	68	1	68	6.70e-50	141
55.68	55.68	100.000	68	0	0	1	68	1	68	2.08e-46	132
167.68	167.68	100.000	68	0	0	1	68	1	68	3.27e-48	137
74.67	74.67	100.000	67	0	0	1	67	1	67	6.41e-49	139
165.67	165.67	100.000	67	0	0	1	67	1	67	1.34e-47	135
141.65	141.65	100.000	65	0	0	1	65	1	65	2.55e-44	127
88.64	88.64	100.000	64	0	0	1	64	1	64	4.49e-45	129
80.62	80.62	100.000	62	0	0	1	62	1	62	1.21e-44	127
156.62	156.62	100.000	62	0	0	1	62	1	62	5.74e-45	128
159.62	159.62	100.000	42	0	0	1	42	1	42	1.79e-28	87.0
21.61	21.61	100.000	61	0	0	1	61	1	61	2.69e-28	86.7
46.61	46.61	100.000	61	0	0	1	61	1	61	7.19e-26	80.5
103.61	103.61	100.000	61	0	0	1	61	1	61	1.07e-29	90.1
157.61	157.61	100.000	61	0	0	1	61	1	61	1.37e-30	92.4
3.60	3.60	100.000	60	0	0	1	60	1	60	1.95e-44	127
37.58	37.58	100.000	58	0	0	1	58	1	58	8.93e-42	120
115.58	115.58	100.000	58	0	0	1	58	1	58	1.60e-39	114
28.57	28.57	100.000	57	0	0	1	57	1	57	9.09e-40	115
149.56	149.56	100.000	56	0	0	1	56	1	56	2.55e-39	114
52.54	52.54	100.000	54	0	0	1	54	1	54	1.78e-37	108
155.53	155.53	100.000	53	0	0	1	53	1	53	5.65e-37	107
83.49	83.49	100.000	49	0	0	1	49	1	49	1.15e-33	99.4
85.48	85.48	100.000	48	0	0	1	48	1	48	1.55e-33	98.6
31.46	31.46	100.000	46	0	0	1	46	1	46	1.72e-32	95.9
162.46	162.46	100.000	46	0	0	1	46	1	46	4.61e-31	92.4
12.45	12.45	100.000	45	0	0	1	45	1	45	1.25e-30	91.3
130.45	130.45	100.000	45	0	0	1	45	1	45	8.00e-33	96.7
164.45	164.45	100.000	45	0	0	1	45	1	45	1.48e-30	90.9
8.44	8.44	100.000	44	0	0	1	44	1	44	1.42e-28	85.9
29.41	29.41	100.000	41	0	0	1	41	1	41	5.53e-27	81.6
111.41	111.41	100.000	41	0	0	1	41	1	41	3.01e-28	85.1
47.38	47.38	100.000	38	0	0	1	38	1	38	3.91e-26	79.3
79.38	79.38	100.000	38	0	0	1	38	1	38	5.80e-24	73.9
81.37	81.37	100.000	37	0	0	1	37	1	37	1.65e-23	72.8
84.37	84.37	100.000	37	0	0	1	37	1	37	1.51e-24	75.5
106.37	106.37	100.000	37	0	0	1	37	1	37	9.50e-25	75.9
148.37	148.37	100.000	37	0	0	1	37	1	37	5.19e-25	76.6
